90 90 90 90
90 90 90 90
90 90 90 90
90 90 90 90
90 90 90 90
90 90 90 90
90 90 90 90
90 90 90 90
90 90 90 90
90 90 90 90
90 90 90 90
90 90 90 90
90 90 90 90
90 90 90 90
90 90 90 90
90 90 90 90
90 90 90 90
90 90 90 90
90 90 90 90
90 90 90 90
90 90 90 90
90 90 90 90
90 90 90 90
90 90 90 90
90 90 90 90
90 90 90 90
90 90 90 90
90 90 90 90
90 90 90 90
90 90 90 90
90 90 90 90
90 90 90 90
90 90 90 90
90 90 90 90
90 90 90 90
90 90 90 90
90 90 90 90
90 90 90 90
90 90 90 90
90 90 90 90
90 90 90 90
90 90 90 90
90 90 90 90
90 90 90 90
90 90 90 90
90 90 90 90
90 90 90 90
90 90 90 90
90 90 90 90
90 90 90 90
90 90 90 90
90 90 90 90
90 90 90 90
90 90 90 90
90 90 90 90
90 90 90 90
90 90 90 90
90 90 90 90
90 90 90 90
90 90 90 90
90 90 90 90
90 90 90 90
90 90 90 90
90 90 90 90
90 90 90 90
90 90 90 90
90 90 90 90
90 90 90 90
90 90 90 90
90 90 90 90
90 90 90 90
90 90 90 90
90 90 90 90
90 90 90 90
90 90 90 90
90 90 90 90
90 90 90 90
90 90 90 90
90 90 90 90
90 90 90 90
90 90 90 90
90 90 90 90
90 90 90 90
90 90 90 90
90 90 90 90
90 90 90 90
90 90 90 90
90 90 90 90
90 90 90 90
90 90 90 90
90 90 90 90
90 90 90 90
90 90 90 90
90 90 90 90
90 90 90 90
90 90 90 90
90 90 90 90
90 90 90 90
90 90 90 90
90 90 90 90
90 90 90 90
90 90 90 90
90 90 90 90
90 90 90 90
90 90 90 90
90 90 90 90
90 90 90 90
90 90 90 90
90 90 90 90
90 90 90 90
90 90 90 90
90 90 90 90
90 90 90 90
90 90 90 90
90 90 90 90
90 90 90 90
90 90 90 90
90 90 90 90
90 90 90 90
90 90 90 90
90 90 90 90
90 90 90 90
90 90 90 90
90 90 90 90
90 90 90 90
8d 6c 24 d8
b8 46 1f e2
15 68 cd 8d
04 08 c3 90
7e a3 04 08
90 90 90 90
68 36 68 55 /* return to string */
