248
1 2 102 194 195 
2 3 4 50 53 102 103 104 193 195 
3 4 50 52 53 103 104 39 
4 39 82 83 104 
5 6 7 8 36 
6 8 132 135 221 222 
7 8 27 28 132 
8 9 36 135 
9 10 28 122 132 141 143 
10 11 122 135 143 
12 13 14 75 166 167 193 
13 14 15 79 80 111 112 193 
14 15 79 168 203 210 211 217 
15 80 83 103 193 
16 17 18 172 174 
17 18 19 130 174 175 180 
18 19 21 23 24 
19 20 21 130 
20 21 22 
21 23 24 
22 26 29 128 130 131 132 
23 26 
24 25 26 
25 26 27 29 132 
26 28 29 122 
27 28 132 
28 122 
29 122 
30 32 33 218 245 
31 32 245 246 
32 33 246 123 69 34 35 36 
33 35 36 223 
34 35 69 123 137 202 
35 36 72 73 137 
36 135 136 137 140 223 
37 38 90 148 149 
38 90 149 
39 40 41 45 52 53 
40 41 42 51 52 53 
41 43 45 48 53 
42 43 44 
43 44 45 
44 46 
45 46 47 
46 48 
47 48 
48 49 
50 51 52 53 150 153 184 195 196 
51 52 53 150 184 187 
52 184 185 187 
54 113 114 233 
55 56 57 114 128 178 179 233 
56 57 118 119 218 244 245 
57 114 129 218 245 
58 59 60 61 62 63 65 67 96 97 160 238 240 
59 60 62 63 67 68 107 238 
60 61 63 107 110 
61 63 76 77 102 110 112 193 194 
62 63 160 163 181 
63 76 97 163 110 164 
64 65 100 107 
65 66 67 68 192 237 238 
66 68 100 125 127 188 192 244 
67 68 
68 101 107 108 111 127 
69 70 72 73 123 124 
70 71 72 124 
71 72 106 108 126 
72 73 74 125 
73 74 124 165 166 203 
74 75 108 111 126 165 166 167 
75 108 109 167 
76 77 78 110 164 
77 164 234 194 196 
78 194 
79 80 105 210 211 217 
80 81 82 105 
81 82 217 
82 83 104 
83 104 105 
84 85 88 
85 86 87 88 
86 87 88 
87 90 133 
89 134 182 183 247 
90 133 148 
91 92 93 94 99 
92 93 94 99 100 239 
93 94 
94 95 97 
95 96 160 
96 160 97 
97 160 
98 99 157 158 
99 100 157 158 236 239 
100 101 127 158 191 192 236 237 
101 192 237 
102 103 193 
103 104 193 
104 105 
105 193 
106 107 108 126 127 
107 108 109 110 
108 110 111 
109 110 111 
110 111 112 
111 112 167 168 193 
112 193 
113 114 115 116 117 
114 117 118 178 233 
115 116 121 155 
116 117 120 121 159 
117 118 119 121 
118 119 
119 120 241 
120 121 243 
121 155 159 188 190 243 
123 124 188 189 244 246 
124 125 126 
125 189 
126 127 
127 167 
128 129 130 131 132 179 180 
129 131 218 
130 131 132 175 180 
131 132 218 219 220 222 
132 220 
133 148 224 
134 149 183 227 
135 140 141 223 
136 137 138 140 142 
137 138 165 202 
138 139 140 142 165 202 
139 140 142 201 202 203 
140 141 
141 142 143 197 
142 143 144 197 201 204 
143 197 
144 197 198 204 
145 146 147 161 181 182 248 
146 147 148 248 
148 149 224 248 
149 162 182 183 248 
150 151 153 184 195 196 225 235 
151 152 153 225 226 
152 153 154 184 185 225 226 227 
153 154 184 
154 185 186 226 227 
155 156 188 
156 157 158 159 190 
157 158 
158 159 190 191 
159 189 190 
160 161 162 163 164 
161 162 163 234 
162 181 182 
163 164 181 234 247 
164 234 
165 202 
166 167 168 202 203 210 
167 168 
168 210 
169 170 171 228 230 
170 171 173 176 177 230 
171 172 
173 174 175 176 
174 175 
175 176 180 
176 177 179 180 
177 178 231 233 
178 179 231 233 
179 180 
181 182 225 234 247 
182 183 225 234 247 248 
183 227 248 
184 185 187 235 
185 186 
186 187 
188 189 192 243 244 246 
189 190 192 
190 191 
191 192 
193 194 
194 195 196 
195 196 
196 225 234 
197 198 199 200 
198 199 200 205 206 211 212 
199 206 
200 201 207 
201 202 203 204 
202 203 
203 207 209 
204 205 208 209 
205 206 208 212 
206 212 213 
207 208 209 
208 210 211 212 
209 210 
210 211 217 
211 212 216 217 
212 213 214 216 217 
213 214 215 216 
214 215 
215 216 
216 217 
218 219 245 
219 220 222 223 
220 221 
221 222 
222 223 
225 226 234 247 
226 227 234 247 
228 229 230 
229 230 231 232 
230 231 
231 233 
232 233 
234 235 247 
236 237 238 239 
237 238 239 
238 239 240 
239 240 
241 242 
242 243 244 
243 244 
244 245 246 
245 246
